%YAML:1.0
---

ATC_ANG_RLL_P: 4.500000
ATC_ANG_PIT_P: 4.500000
ATC_ANG_YAW_P: 4.500000
ATC_RAT_RLL_P: 0.120000
ATC_RAT_RLL_I: 0.120000
ATC_RAT_RLL_D: 0.004800
ATC_RAT_PIT_P: 0.120000
ATC_RAT_PIT_I: 0.120000
ATC_RAT_PIT_D: 0.004800
ATC_RAT_YAW_P: 0.300000
ATC_RAT_YAW_I: 0.018000
ATC_RAT_YAW_D: 0.000000
PSC_POSXY_P: 2.000000
PSC_POSZ_P: 2.000000
PSC_VELXY_P: 2.000000
PSC_VELXY_I: 1.000000
PSC_VELZ_P: 5.000000
PSC_VELZ_I: 0.000000
PSC_ACCZ_P: 0.250000
PSC_ACCZ_I: 0.500000
PSC_ACCZ_D: 0.000000
# VISO_DELAY_MS: 100